200 pop, 50 gen
# config file
# configuration for neural network
nnet = dict(
    n_inputs = 4,
    n_h_neurons = 4,
    n_h_layers = 2,
    n_outputs = 2
)

# configuration for genetic algorithm
ga = dict(
    prob_xover  = 0.2,
    prob_mut    = 0.2,
    mut_ind     = 0.1
)

gen 	best fitness
0	108434.287258
1	104591.719585
2	104591.719585
3	104591.719585
4	102293.152023
5	102293.152023
6	101961.67848
7	100722.93733
8	100722.93733
9	100435.558616
10	100435.558616
11	100435.558616
12	100435.558616
13	100435.558616
14	100313.615362
15	100313.615362
16	100283.072827
17	100230.716317
18	100135.963722
19	99949.0157415
20	99935.1405884
21	99935.1405884
22	99821.0032109
23	99760.4585752
24	99760.4585752
25	99741.4948261
26	99579.3174173
27	99479.0483882
28	99364.8573223
29	99364.8573223
30	99107.6720937
31	99101.5488967
32	98838.7382456
33	98838.7382456
34	98838.7382456
35	98838.7382456
36	98838.7382456
37	98416.5173063
38	98416.5173063
39	98416.5173063
40	98379.8699293
41	98379.8699293
42	98302.1413096
43	98273.0817995
44	98266.2296508
45	98110.2297288
46	98110.2297288
47	98107.8205013
48	98087.2983598
48	98087.2983598

 best individual:
[-2.897935360881405, -0.26623780346172277, 2.3337624955817926, 0.4695499659601373, 4.696693907971577, -3.991854086802589, -2.2371326660539452, 3.638776335505809, 1.731906794038676, -2.042117094013917, -6.9966423283197186, 1.799726810944465, -5.08200601154465, -3.2054369178627984, 1.4175245686354563, -2.6926929383957656, 0.65776277826461, 2.5269574496512246, 4.568742083741168, 1.8616758802706463, -4.122415537651786, 2.049824883615541, -0.1599312182205761, 1.853538838429135, 0.3327801274147859, -3.106362544851744, -0.6102051155652131, -3.9891550942733334, -2.4318846742533116, 1.6067215725943778, 0.5335415418624845, 1.2852383958687863, 1.271494520528445, 1.9068482859071871, -1.208429047973429, -1.4737209218237766, -3.506960349635983, -2.721376572998087, 1.0446888159490841, 1.2699195728837447, -0.1990370108370989, -2.168441812984937, 2.8777057741872745, 0.7845872190321623, 0.17663921738828692, 4.599380195823978, 1.7598725557540986, 4.494709909143644, 4.540366952797267, -3.069822408313277]

correct: 510
percent: 80.4416403785
81 predictions were within one minute
12.7760252366 percent of predictions were within one minute
mean response prediction error: -0.103828945743
response prediction error st dev: 5.52658360271
