200 pop, 50 gen
# config file
# configuration for neural network
nnet = dict(
    n_inputs = 4,
    n_h_neurons = 4,
    n_h_layers = 2,
    n_outputs = 2
)

# configuration for genetic algorithm
ga = dict(
    prob_xover  = 0.2,
    prob_mut    = 0.2,
    mut_ind     = 0.1
)

gen 	best fitness
0	105450.164278
1	105450.164278
2	105450.164278
3	105450.164278
4	103933.965064
5	103710.907839
6	102910.992653
7	102840.41235
8	102198.243111
9	102198.243111
10	102198.243111
11	101849.945369
12	101834.613439
13	101620.415059
14	101345.094924
15	101345.094924
16	101345.094924
17	101311.158733
18	101015.53025
19	100823.844199
20	100815.967348
21	100750.737336
22	100750.737336
23	100534.419054
24	100534.419054
25	100499.60425
26	100480.965498
27	100476.118895
28	100449.931066
29	100217.347502
30	100217.347502
31	100188.586122
32	100188.586122
33	100041.733943
34	99915.3068257
35	99915.3068257
36	99912.997694
37	99861.6148763
38	99861.6148763
39	99827.7447462
40	99827.7447462
41	99827.7447462
42	99827.7447462
43	99787.2132337
44	99762.2739769
45	99762.2739769
46	99762.2739769
47	99741.23077
48	99656.1096391
48	99656.1096391

 best individual:
[2.0353987036032244, -0.4210073811728161, 4.192349265898984, 2.3043191422303035, 1.6321063659407156, -4.577463066691166, 4.899719613124951, 0.037972237636546086, 6.010505900814522, 2.461280297048077, 0.9306858928539291, -4.797835845314532, -3.515462013805851, 4.715694605311603, -3.700307460595069, 1.518903804867957, 2.4418262842432092, 1.147219507300151, -0.3085006690633433, 0.24926134006906972, -0.3769618642331274, -1.1390533125240552, 1.122276916283874, -4.2877449580355, -3.937536960992312, -1.957108471682397, 2.3349473335186137, -6.097701833424814, 0.4245218655338894, -3.3929118405589707, -4.776836080201781, -2.3652255582086994, 0.6760679463301181, -0.8547218093213544, -1.4872651419376446, 2.762526912377626, 2.2410402283918334, 4.4793775761057635, 2.818910314054826, 0.3359463505344962, 1.5932695098986738, 3.801699469681081, 0.3273752411340276, 5.717200137785892, -1.576773041347419, 3.475946205395152, 0.2144163148027729, 2.9867295137205705, 3.396900056541032, 3.8559277105850605]

correct: 516
percent: 81.3880126183
78 predictions were within one minute
12.3028391167 percent of predictions were within one minute
mean response prediction error: -0.0838471032412
response prediction error st dev: 5.60005757433
