200 pop, 50 gen
# config file
# configuration for neural network
nnet = dict(
    n_inputs = 4,
    n_h_neurons = 4,
    n_h_layers = 2,
    n_outputs = 2
)

# configuration for genetic algorithm
ga = dict(
    prob_xover  = 0.2,
    prob_mut    = 0.2,
    mut_ind     = 0.1
)

gen 	best fitness
0	106247.822648
1	106247.822648
2	105776.040798
3	105767.355271
4	104284.212246
5	104284.212246
6	103588.99906
7	102470.947786
8	102470.947786
9	102397.578911
10	100741.829049
11	100741.829049
12	100714.116532
13	100565.183984
14	100484.927296
15	100484.927296
16	100171.136192
17	100170.322473
18	100139.172958
19	99963.392719
20	99963.392719
21	99963.392719
22	99648.1225543
23	99648.1225543
24	99587.1376085
25	99587.1376085
26	99469.101477
27	99361.9794148
28	99361.9794148
29	99361.9794148
30	99326.9572169
31	99326.9572169
32	99326.9572169
33	99215.6758906
34	99176.2323701
35	99161.2635667
36	99161.2635667
37	99044.6125488
38	99044.6125488
39	98993.762066
40	98961.6822025
41	98961.6822025
42	98899.8515492
43	98802.6600196
44	98802.6600196
45	98802.6600196
46	98802.6600196
47	98628.5950847
48	98628.5950847
48	98628.5950847

 best individual:
[-0.6844626323909515, 3.782641096253608, 3.9566706233810898, 2.3321583015201925, -0.9346949214365954, -1.5181544459586451, -2.1343813867365613, -1.281191777172484, 0.18842015985416927, 4.6601828383286845, 1.9458030504273203, 3.626685729385315, 0.8814039277387073, 1.401527779293595, 1.2864702059770607, 3.4427606988933395, 2.5881475645315373, -1.7712620546450837, 0.034878038527431876, -0.7322024245861805, 2.9598892547520785, 1.411594035963497, 4.529399407672289, -0.9606122094249905, -1.8771899504240617, -0.7692662151938539, -1.19176141806743, -0.6689137117541302, -0.13794124644228445, -1.6825663668262223, 1.2796661116987798, -3.0941466569512874, -3.3068180408968537, -3.262502729834736, -4.297739759574839, -3.705089569204368, -2.3713306061838324, 3.257293687443015, -2.364974311789542, -3.2720114449949147, 0.4671505690694584, -0.4526025879872406, 2.9585864604632754, -0.5362608220200572, 0.721864495750304, 3.149285833118114, 4.964888365955828, -1.0773552616777629, 3.704459942682352, 4.369808066044621]

correct: 490
percent: 77.2870662461
65 predictions were within one minute
10.2523659306 percent of predictions were within one minute
mean response prediction error: 0.00433980383469
response prediction error st dev: 5.55623069626
