20 pop, 500 gen
# config file
# configuration for neural network
nnet = dict(
    n_inputs = 4,
    n_h_neurons = 4,
    n_h_layers = 2,
    n_outputs = 2
)

# configuration for genetic algorithm
ga = dict(
    prob_xover  = 0.2,
    prob_mut    = 0.2,
    mut_ind     = 0.1
)

gen 	best fitness
0	150348.537266
1	150348.537266
2	150348.537266
3	150348.537266
4	126549.964114
5	125953.25294
6	124737.460073
7	124737.460073
8	124737.460073
9	118516.770838
10	118516.770838
11	118516.770838
12	110790.160456
13	110790.160456
14	106795.979659
15	106795.979659
16	106795.979659
17	106795.979659
18	105411.062094
19	105411.062094
20	105411.062094
21	105059.648742
22	105059.648742
23	104975.079119
24	104897.295353
25	104897.295353
26	104531.205904
27	104461.05108
28	104366.316462
29	104323.783297
30	104323.783297
31	102357.530572
32	102357.530572
33	102357.530572
34	102357.530572
35	102199.448464
36	102199.448464
37	101805.169286
38	101805.169286
39	101805.169286
40	101805.169286
41	101417.960091
42	101417.960091
43	101417.960091
44	101272.462684
45	101272.462684
46	101272.462684
47	100874.045257
48	100742.355697
49	100742.355697
50	100742.355697
51	100742.355697
52	100742.355697
53	100656.678142
54	100656.678142
55	100656.678142
56	100454.789351
57	100454.789351
58	100454.789351
59	100454.789351
60	100429.197108
61	100429.197108
62	100429.197108
63	100151.722043
64	100151.722043
65	100151.722043
66	100151.722043
67	100151.513871
68	100151.513871
69	100056.195156
70	99964.0769392
71	99964.0769392
72	99964.0769392
73	99964.0769392
74	99964.0769392
75	99964.0769392
76	99964.0769392
77	99964.0769392
78	99946.6814427
79	99946.6814427
80	99946.6814427
81	99946.6814427
82	99917.5083915
83	99917.5083915
84	99917.5083915
85	99850.4944205
86	99792.1033549
87	99792.1033549
88	99792.1033549
89	99792.1033549
90	99792.1033549
91	99792.1033549
92	99792.1033549
93	99790.9699564
94	99776.8317599
95	99776.8317599
96	99776.8317599
97	99776.8317599
98	99656.25508
99	99656.25508
100	99656.25508
101	99656.25508
102	99656.25508
103	99505.6921416
104	99505.6921416
105	99502.0339306
106	99502.0339306
107	99502.0339306
108	99502.0339306
109	99374.2347017
110	99374.2347017
111	99374.2347017
112	99374.2347017
113	99374.2347017
114	99374.2347017
115	99353.9371326
116	99353.9371326
117	99353.9371326
118	99353.9371326
119	99353.9371326
120	99349.0270338
121	99349.0270338
122	99349.0270338
123	99309.5069001
124	99309.5069001
125	99309.5069001
126	99309.5069001
127	99309.5069001
128	99303.0255007
129	99301.1104576
130	99211.9660404
131	99211.9660404
132	99190.1876611
133	99190.1876611
134	99048.4011159
135	99048.4011159
136	99032.4268472
137	99032.4268472
138	99032.4268472
139	99032.4268472
140	99032.4268472
141	99032.4268472
142	99032.4268472
143	99032.4268472
144	99032.4268472
145	99032.4268472
146	99032.4268472
147	99032.4268472
148	99032.4268472
149	99032.4268472
150	99032.4268472
151	99030.2051745
152	99019.886783
153	99015.3667849
154	99015.3667849
155	99015.3667849
156	99008.4643078
157	99008.4643078
158	98981.7589031
159	98981.7589031
160	98981.7589031
161	98981.602968
162	98981.602968
163	98962.0399995
164	98962.0399995
165	98962.0399995
166	98962.0399995
167	98932.7300994
168	98932.7300994
169	98899.1109246
170	98899.1109246
171	98886.5250068
172	98877.0583256
173	98877.0583256
174	98877.0583256
175	98877.0583256
176	98868.2473339
177	98868.2473339
178	98868.2473339
179	98868.2473339
180	98868.2473339
181	98823.3194304
182	98823.3194304
183	98823.3194304
184	98823.3194304
185	98823.3194304
186	98800.2924176
187	98785.2872934
188	98785.2872934
189	98785.2872934
190	98785.2872934
191	98785.2872934
192	98785.2872934
193	98785.2872934
194	98785.2872934
195	98785.2872934
196	98785.2872934
197	98785.2872934
198	98764.3688984
199	98764.3688984
200	98764.3688984
201	98724.8751798
202	98724.8751798
203	98724.8751798
204	98724.8751798
205	98724.8751798
206	98724.8751798
207	98724.8751798
208	98724.8751798
209	98724.8751798
210	98724.8751798
211	98724.8751798
212	98724.8751798
213	98724.8751798
214	98724.8751798
215	98724.8751798
216	98724.8449905
217	98724.8449905
218	98724.8449905
219	98724.8449905
220	98724.8449905
221	98724.8449905
222	98724.8449905
223	98724.8449905
224	98724.8449905
225	98724.8449905
226	98724.8449905
227	98724.8449905
228	98717.7692539
229	98717.7692539
230	98677.3139627
231	98677.3139627
232	98639.2845004
233	98639.2845004
234	98589.4243554
235	98589.4243554
236	98589.4243554
237	98587.0469529
238	98587.0469529
239	98587.0469529
240	98587.0469529
241	98587.0469529
242	98587.0469529
243	98587.0469529
244	98587.0469529
245	98587.0469529
246	98587.0469529
247	98587.0469529
248	98587.0469529
249	98587.0469529
250	98587.0469529
251	98587.0469529
252	98587.0469529
253	98587.0469529
254	98587.0469529
255	98587.0469529
256	98587.0469529
257	98587.0469529
258	98587.0469529
259	98587.0469529
260	98587.0469529
261	98587.0469529
262	98587.0469529
263	98587.0469529
264	98587.0469529
265	98587.0469529
266	98583.399968
267	98583.399968
268	98583.399968
269	98578.8252003
270	98578.8252003
271	98578.8252003
272	98570.1062034
273	98547.8665385
274	98547.8665385
275	98547.8665385
276	98547.8665385
277	98547.8665385
278	98547.8665385
279	98547.8665385
280	98547.8665385
281	98547.8665385
282	98547.8665385
283	98545.2300621
284	98545.2300621
285	98508.9306956
286	98500.2464472
287	98500.2464472
288	98500.2464472
289	98486.3642553
290	98486.3642553
291	98486.3642553
292	98486.3642553
293	98486.3642553
294	98480.3017177
295	98480.3017177
296	98480.3017177
297	98480.3017177
298	98479.2920069
299	98442.3427645
300	98442.3427645
301	98442.3427645
302	98396.1060603
303	98396.1060603
304	98396.1060603
305	98396.1060603
306	98396.1060603
307	98396.1060603
308	98396.1060603
309	98396.1060603
310	98396.1060603
311	98396.1060603
312	98396.1060603
313	98396.1060603
314	98396.1060603
315	98396.1060603
316	98396.1060603
317	98396.1060603
318	98396.1060603
319	98396.1060603
320	98396.1060603
321	98396.1060603
322	98393.405097
323	98393.405097
324	98374.2886876
325	98374.2886876
326	98374.2886876
327	98325.2745404
328	98325.2745404
329	98319.1426434
330	98319.1426434
331	98319.1426434
332	98319.1426434
333	98319.1426434
334	98319.1426434
335	98319.1426434
336	98319.1426434
337	98319.1426434
338	98319.1426434
339	98319.1426434
340	98319.1426434
341	98319.1426434
342	98319.1426434
343	98319.1426434
344	98309.115456
345	98309.115456
346	98308.9497531
347	98308.9497531
348	98308.9497531
349	98308.9497531
350	98234.0154694
351	98234.0154694
352	98234.0154694
353	98220.0050993
354	98220.0050993
355	98220.0050993
356	98220.0050993
357	98220.0050993
358	98220.0050993
359	98220.0050993
360	98203.0803482
361	98203.0803482
362	98161.3230483
363	98161.3230483
364	98161.3230483
365	98161.3230483
366	98161.3230483
367	98161.3230483
368	98157.0750383
369	98157.0750383
370	98157.0750383
371	98157.0750383
372	98152.8806361
373	98143.8865692
374	98143.8865692
375	98110.0752753
376	98110.0752753
377	98110.0752753
378	98093.9538555
379	98093.9538555
380	98093.9538555
381	98093.9538555
382	98093.9538555
383	98067.9306349
384	98067.9306349
385	98067.9306349
386	98067.9306349
387	98067.9306349
388	98067.9306349
389	98062.8610919
390	98062.8610919
391	98062.8610919
392	98062.8610919
393	98062.8610919
394	98062.8610919
395	98062.8610919
396	98062.8610919
397	98062.8610919
398	98062.8610919
399	98062.8610919
400	98062.8610919
401	98062.8610919
402	98062.8610919
403	98062.8610919
404	98062.8610919
405	98062.8610919
406	98062.8610919
407	98062.8610919
408	98062.8563358
409	98062.8563358
410	98062.8563358
411	98062.8563358
412	98062.8563358
413	98062.8113807
414	98062.8113807
415	98062.8113807
416	98062.8113807
417	98062.8113807
418	98062.8113807
419	98062.8113807
420	98062.8113807
421	98062.8113807
422	98062.8113807
423	98044.8030986
424	98044.8030986
425	98044.8030986
426	98044.8030986
427	98044.8030986
428	98044.8030986
429	98044.8030986
430	98044.8030986
431	98042.8692849
432	98042.8692849
433	98042.8692849
434	98042.8692849
435	98042.8692849
436	98042.8692849
437	98042.8692849
438	98042.8692849
439	98042.8692849
440	98042.8692849
441	98037.3873516
442	98037.3873516
443	98037.3873516
444	98037.3873516
445	98037.3873516
446	98037.3873516
447	98037.3873516
448	98037.3873516
449	98037.3873516
450	98037.3873516
451	98037.3873516
452	98037.3873516
453	98037.3873516
454	98037.3873516
455	98037.3873516
456	98037.3873516
457	98037.3873516
458	98030.665363
459	98030.665363
460	98030.665363
461	98030.665363
462	98030.665363
463	98030.665363
464	98030.665363
465	98030.665363
466	98030.665363
467	98030.665363
468	98030.665363
469	98030.665363
470	98030.665363
471	98030.665363
472	98030.665363
473	98025.6796068
474	98025.6796068
475	98025.6796068
476	98025.6796068
477	98025.6796068
478	98025.6796068
479	98025.6796068
480	98025.6796068
481	98025.6796068
482	98025.6796068
483	98025.6796068
484	98025.6796068
485	98025.6796068
486	98025.6796068
487	98025.6796068
488	98025.6796068
489	98025.6796068
490	98025.6796068
491	98025.6796068
492	98025.6796068
493	98025.6796068
494	98025.6796068
495	98025.6796068
496	98025.6796068
497	98025.6796068
498	98025.6796068
499	98025.6796068

 best individual:
[7.80903466228543, 0.8649428509691606, -0.854210394513247, 3.659430806701571, -2.53859723410482, 2.0430663822482606, 0.7584370307834968, 0.393291608315405, 1.523722930848913, -9.845647203145964, -5.59676114348646, -2.202381149197754, 8.398741548652039, -0.6352483746695631, 1.0838178314896443, -4.417145947094027, -5.6577612139249975, 0.6647847598419742, 0.49707936651870577, 7.100947242555669, 4.221016324037458, -1.6181342267910266, -1.324260279845582, 3.4239368051357495, 3.5417326316649893, 5.668539324786357, -0.7008947770718217, -1.822205390405287, 2.0750043608113624, -0.8235352258495843, -4.931070494583311, 1.5521118331085413, -2.4905351417438886, 2.2400965887179645, 1.8597159806761474, 4.826595965644107, 6.329571615159347, 1.0956046493499183, 1.7612075241375038, 1.2196931987424786, 3.491916648674814, -3.405701642436666, 4.24021425443399, 1.2145698529905438, -4.421285950976764, -1.8014774531612494, 4.649030671570525, 5.070236341928442, 4.135163559030168, -0.10008104657783351]

correct: 496
percent: 78.2334384858
75 predictions were within one minute
11.8296529968 percent of predictions were within one minute
mean response prediction error: -0.127003951192
response prediction error st dev: 5.49127343901
