200 pop, 50 gen
# config file
# configuration for neural network
nnet = dict(
    n_inputs = 4,
    n_h_neurons = 4,
    n_h_layers = 2,
    n_outputs = 2
)

# configuration for genetic algorithm
ga = dict(
    prob_xover  = 0.2,
    prob_mut    = 0.2,
    mut_ind     = 0.1
)

gen 	best fitness
0	121786.541512
1	106791.688398
2	105929.167408
3	105929.167408
4	105692.225746
5	105412.331412
6	104605.755189
7	102349.894744
8	102349.894744
9	101459.71749
10	101312.060518
11	101312.060518
12	100990.476883
13	100956.332064
14	100730.317048
15	100730.317048
16	100679.317275
17	100439.661354
18	100372.409124
19	100339.737252
20	100339.737252
21	100308.611461
22	100290.418412
23	100233.607788
24	100220.305124
25	100208.023026
26	100190.542978
27	100163.440371
28	100146.334724
29	100090.673095
30	100054.732293
31	100054.732293
32	99997.8102217
33	99997.8102217
34	99997.8102217
35	99956.3299906
36	99904.7779424
37	99894.5110624
38	99894.5110624
39	99806.416044
40	99806.416044
41	99806.416044
42	99806.416044
43	99806.416044
44	99799.6769905
45	99799.6769905
46	99799.6769905
47	99799.6769905
48	99666.0602855
48	99666.0602855

 best individual:
[-0.09000699539669088, -1.785289218597625, -3.837869806090075, -3.5662918556779495, 2.2904274486058305, -0.8835953975997155, 3.325043935706575, -4.412809714446832, -4.4640769832319585, 5.052154247197554, -0.29711582388037305, -2.8783172200706773, 0.2175301331474193, -2.626840795175363, 0.19248014319975798, 0.0252688592674295, 2.6030093394771363, 2.9821044928936375, -3.3965467675201664, 1.7462773543484686, 0.8018480492025315, 0.10261726430128731, 1.019952935024601, 4.273809834011111, 0.703545629483783, -3.9205818884488766, -3.823187520101894, 1.8596360488317039, -3.0069225426297503, 0.15025205169641048, -3.581210336969996, -1.5854159819931324, 0.4665727113898237, 2.799834108533533, -2.472225667840706, 6.464610030135248, -4.092673108563794, 4.614066763742862, 4.709363200302869, -1.6239488623164433, -1.402795896118426, -0.950948245435697, -4.370987907369474, -0.33279326811844356, 2.65999198818374, 2.3498219748387115, 4.856408997798154, -3.214495274516814, 4.107045841227436, 0.6647884898901024]

correct: 511
percent: 80.5993690852
81 predictions were within one minute
12.7760252366 percent of predictions were within one minute
mean response prediction error: -0.213760132677
response prediction error st dev: 5.5916268003
