200 pop, 50 gen
# config file
# configuration for neural network
nnet = dict(
    n_inputs = 4,
    n_h_neurons = 4,
    n_h_layers = 2,
    n_outputs = 2
)

# configuration for genetic algorithm
ga = dict(
    prob_xover  = 0.2,
    prob_mut    = 0.2,
    mut_ind     = 0.1
)

gen 	best fitness
0	110150.034936
1	110150.034936
2	110150.034936
3	104157.12344
4	104157.12344
5	103025.710029
6	103025.710029
7	102709.903217
8	102292.294633
9	101769.620315
10	101197.809627
11	101197.809627
12	101197.809627
13	101197.809627
14	101197.059003
15	101126.973108
16	101082.431305
17	101082.431305
18	100752.712319
19	100752.712319
20	100752.712319
21	100752.712319
22	100752.712319
23	100742.214664
24	100649.863277
25	100641.863903
26	100542.048358
27	100542.048358
28	100482.457875
29	100456.341085
30	100456.341085
31	100438.828897
32	100438.828897
33	100260.504853
34	100260.504853
35	100210.646981
36	100210.646981
37	100009.58058
38	100009.58058
39	100009.58058
40	99966.1846415
41	99966.1846415
42	99966.1846415
43	99918.3255891
44	99872.9944425
45	99872.9944425
46	99809.4529847
47	99763.6000642
48	99763.6000642
48	99763.6000642

 best individual:
[-3.88721952080994, -0.4699926034011414, -3.8362272060697267, -3.4974455226532095, 2.88748130952934, 2.7994595944339444, -6.339556285288854, 3.170306461125154, 0.5229619093213826, 2.17524253401496, -0.15967980017791972, 0.2605377712983037, 1.3378156546802842, 2.2720145085476133, -2.7920587125154523, -4.496790150450664, -4.786886732186397, 5.9147378159118515, -5.153759522851973, -2.801592400852493, 4.962009620479749, -0.6553726212104845, 2.7863188942775734, 3.8812922386535003, 2.7010252227799216, 1.8031396288076973, 0.48149761858399365, -0.7936215879658212, 3.02718842468049, 0.7291419007342865, -2.166370582003521, 3.9198341850052687, -3.7935815173682497, 4.30099585414621, 1.7804366322198506, 3.8497262947769353, 2.959128021247297, 0.3594060120134568, -1.9240713083735104, 3.707903545421264, -3.101061480764172, -1.5641110145508204, 0.9742665362549912, -0.0011892263376903633, 4.058595152637544, 1.9764280147197155, 3.986284032118755, -2.9922550677187276, -0.8040842932071188, 4.76833809125101]

correct: 517
percent: 81.5457413249
81 predictions were within one minute
12.7760252366 percent of predictions were within one minute
mean response prediction error: -0.260607399824
response prediction error st dev: 5.55207733244
