20 pop, 500 gen
# config file
# configuration for neural network
nnet = dict(
    n_inputs = 4,
    n_h_neurons = 4,
    n_h_layers = 2,
    n_outputs = 2
)

# configuration for genetic algorithm
ga = dict(
    prob_xover  = 0.2,
    prob_mut    = 0.2,
    mut_ind     = 0.1
)

gen 	best fitness
0	123198.137407
1	123198.137407
2	123198.137407
3	123198.137407
4	123198.137407
5	114339.016229
6	114339.016229
7	113402.813677
8	112829.702355
9	111036.66151
10	110373.082535
11	110373.082535
12	110373.082535
13	110074.272976
14	109438.879623
15	109288.096237
16	109288.096237
17	108290.076947
18	107201.261392
19	107201.261392
20	107201.261392
21	106882.241983
22	106882.241983
23	106415.863461
24	106415.863461
25	106391.509567
26	106391.509567
27	106077.373179
28	106077.373179
29	106069.699283
30	106069.699283
31	106069.699283
32	106069.699283
33	106069.699283
34	106069.699283
35	106069.699283
36	105692.466597
37	105692.466597
38	105678.495781
39	105677.090837
40	105677.090837
41	105677.090837
42	105677.090837
43	105677.090837
44	105677.090837
45	104432.077213
46	104432.077213
47	104432.077213
48	104432.077213
49	104432.077213
50	104432.077213
51	104222.723847
52	104222.723847
53	104222.723847
54	104222.723847
55	104222.723847
56	104222.723847
57	104222.723847
58	104033.358122
59	104033.358122
60	103841.82351
61	103463.660456
62	103463.660456
63	103463.660456
64	103463.660456
65	103460.00972
66	102700.172118
67	102700.172118
68	102645.556005
69	102306.630105
70	102056.761879
71	102056.761879
72	101686.869954
73	101686.869954
74	101686.869954
75	101617.493174
76	101212.782656
77	101212.782656
78	101212.782656
79	101212.782656
80	101212.782656
81	101212.782656
82	101212.782656
83	100676.083021
84	100671.964142
85	100671.964142
86	100498.38164
87	100498.38164
88	100325.505087
89	100325.505087
90	100237.000236
91	100237.000236
92	100237.000236
93	100237.000236
94	100237.000236
95	100237.000236
96	100237.000236
97	100237.000236
98	100237.000236
99	100237.000236
100	100237.000236
101	100237.000236
102	100237.000236
103	100190.476587
104	100190.476587
105	100190.476587
106	100190.476587
107	100002.379063
108	100002.379063
109	100002.379063
110	100002.379063
111	100002.379063
112	100002.379063
113	100002.379063
114	100002.379063
115	100002.379063
116	100002.379063
117	100002.379063
118	100002.379063
119	100002.379063
120	99970.9320961
121	99970.9320961
122	99970.9320961
123	99947.7025967
124	99947.7025967
125	99947.7025967
126	99947.7025967
127	99926.1908833
128	99926.1908833
129	99925.4736376
130	99925.4736376
131	99913.1365777
132	99913.1365777
133	99908.1349033
134	99908.1349033
135	99908.1349033
136	99908.1349033
137	99908.1349033
138	99908.1349033
139	99908.1349033
140	99908.1349033
141	99908.1349033
142	99908.1349033
143	99908.1349033
144	99908.1349033
145	99908.1349033
146	99908.1349033
147	99528.2843017
148	99528.2843017
149	99528.2843017
150	99528.2843017
151	99528.2843017
152	99528.2843017
153	99528.2843017
154	99453.9752406
155	99204.7402985
156	99204.7402985
157	99204.7402985
158	99204.7402985
159	99204.7402985
160	99204.7402985
161	99164.8073523
162	99164.8073523
163	99095.4301741
164	99095.4301741
165	99095.4301741
166	98886.1091316
167	98886.1091316
168	98886.1091316
169	98776.9577317
170	98776.9577317
171	98776.9577317
172	98776.9577317
173	98776.9577317
174	98776.9577317
175	98776.9577317
176	98776.9577317
177	98776.9577317
178	98776.9577317
179	98776.9577317
180	98776.9577317
181	98776.9577317
182	98776.9577317
183	98776.9577317
184	98776.9577317
185	98776.9577317
186	98776.9577317
187	98776.9577317
188	98776.9577317
189	98776.9577317
190	98776.9577317
191	98763.846412
192	98737.8828041
193	98737.8828041
194	98737.8828041
195	98737.8828041
196	98737.8828041
197	98720.0367605
198	98720.0367605
199	98596.7198545
200	98596.7198545
201	98596.7198545
202	98581.71913
203	98581.71913
204	98581.71913
205	98581.71913
206	98581.71913
207	98581.71913
208	98572.9713791
209	98568.9215106
210	98568.9215106
211	98568.9215106
212	98568.9215106
213	98545.1938046
214	98545.1938046
215	98545.1938046
216	98545.1938046
217	98545.1938046
218	98545.1938046
219	98476.1997004
220	98476.1997004
221	98476.1997004
222	98476.1997004
223	98476.1997004
224	98476.1321167
225	98471.0090231
226	98471.0090231
227	98471.0090231
228	98471.0090231
229	98471.0090231
230	98470.9538254
231	98470.9538254
232	98453.0411194
233	98453.0411194
234	98453.0411194
235	98453.0411194
236	98441.8254087
237	98441.8254087
238	98441.8254087
239	98441.8254087
240	98441.8254087
241	98441.8254087
242	98441.8254087
243	98441.8254087
244	98441.8254087
245	98441.8254087
246	98428.098716
247	98428.098716
248	98428.098716
249	98428.098716
250	98410.9446757
251	98410.9446757
252	98410.9446757
253	98410.9446757
254	98374.5857539
255	98374.5857539
256	98374.5857539
257	98374.5857539
258	98374.5857539
259	98374.5857539
260	98374.5857539
261	98374.5857539
262	98374.5857539
263	98374.5857539
264	98374.5857539
265	98374.5857539
266	98342.8057326
267	98332.8676531
268	98331.5611114
269	98331.5611114
270	98331.5611114
271	98258.9966457
272	98258.9966457
273	98257.8193498
274	98257.8193498
275	98219.3717482
276	98219.3717482
277	98219.3717482
278	98219.3717482
279	98219.3717482
280	98219.3717482
281	98182.7940621
282	98128.6714684
283	98128.6714684
284	98128.6714684
285	98128.6714684
286	98128.6714684
287	97959.4795279
288	97959.4795279
289	97959.4795279
290	97959.4795279
291	97959.4795279
292	97955.7695506
293	97955.7695506
294	97955.7695506
295	97879.3697531
296	97879.3697531
297	97879.3697531
298	97879.3697531
299	97879.3697531
300	97879.3697531
301	97879.3697531
302	97879.3697531
303	97879.3697531
304	97879.3697531
305	97879.3697531
306	97756.6416598
307	97756.6416598
308	97756.6416598
309	97756.6416598
310	97756.6416598
311	97633.2659974
312	97633.2659974
313	97633.2659974
314	97633.2659974
315	97596.5695055
316	97596.5695055
317	97596.5695055
318	97596.5695055
319	97596.5695055
320	97596.5695055
321	97596.5695055
322	97596.5695055
323	97596.5695055
324	97596.5695055
325	97596.5695055
326	97596.5695055
327	97596.5695055
328	97596.5695055
329	97596.5695055
330	97596.5695055
331	97596.5695055
332	97596.5695055
333	97596.5695055
334	97596.5695055
335	97596.5695055
336	97596.5695055
337	97596.5631627
338	97584.9973872
339	97583.9038642
340	97583.9038642
341	97583.9038642
342	97583.9038642
343	97583.9038642
344	97539.6454591
345	97539.6454591
346	97534.1002019
347	97534.1002019
348	97534.1002019
349	97534.1002019
350	97481.652494
351	97481.652494
352	97481.652494
353	97481.652494
354	97481.652494
355	97481.652494
356	97481.652494
357	97481.652494
358	97481.652494
359	97481.652494
360	97481.6505838
361	97478.2351326
362	97471.4829234
363	97471.4829234
364	97471.4829234
365	97421.4205894
366	97421.4205894
367	97421.4205894
368	97421.4205894
369	97421.4205894
370	97421.4205894
371	97421.4205894
372	97421.4205894
373	97421.4205894
374	97421.4205894
375	97421.4205894
376	97421.4205894
377	97421.4205894
378	97421.4205894
379	97421.4205894
380	97421.4205894
381	97421.4205894
382	97364.5154243
383	97364.5154243
384	97364.5154243
385	97364.5154243
386	97364.4536455
387	97364.4536455
388	97364.0260122
389	97364.0260122
390	97364.0260122
391	97364.0260122
392	97361.7929002
393	97361.7929002
394	97344.1071106
395	97344.1071106
396	97344.1071106
397	97344.1071106
398	97344.1071106
399	97307.268426
400	97307.268426
401	97144.7300779
402	97144.7300779
403	97143.9104188
404	97143.9104188
405	97143.9104188
406	97143.9104188
407	97143.9104188
408	97143.9104188
409	97143.8399982
410	97143.8399982
411	97143.8399982
412	97143.8399982
413	97143.8399982
414	97143.8399982
415	97143.8399982
416	97125.8591127
417	97125.8591127
418	97123.7776621
419	97123.7776621
420	97123.7776621
421	97123.7776621
422	97123.7776621
423	97123.7776621
424	97121.2876269
425	97121.2876269
426	97121.2876269
427	97121.2876269
428	97121.2876269
429	97121.2876269
430	97121.2876269
431	97121.2656416
432	97121.2656416
433	97121.2656416
434	97121.2656416
435	97121.2656416
436	97121.2656416
437	97121.2656416
438	97121.2656416
439	97121.2656416
440	97083.8176266
441	97083.8176266
442	97059.6778977
443	97059.6778977
444	97059.6778977
445	97058.7712721
446	97058.7712721
447	97058.7712721
448	97058.7712721
449	97058.7712721
450	97058.7712721
451	97058.7712721
452	97058.7712721
453	97058.7712721
454	97058.7712721
455	97058.7712721
456	97058.7712721
457	97058.7712721
458	97058.7712721
459	97058.7712721
460	97058.7712721
461	97015.7201695
462	97015.7201695
463	97006.9799266
464	97006.9799266
465	96948.2031607
466	96948.2031607
467	96948.2031607
468	96948.2031607
469	96937.0911289
470	96937.0911289
471	96937.0911289
472	96937.0911289
473	96934.8243419
474	96934.8243419
475	96934.8243419
476	96934.8243419
477	96934.8243419
478	96934.8243419
479	96934.8243419
480	96934.8243419
481	96929.7212118
482	96929.7212118
483	96929.7212118
484	96929.7212118
485	96929.7212118
486	96929.7212118
487	96846.1133004
488	96846.1133004
489	96846.1133004
490	96846.1133004
491	96846.1133004
492	96846.1133004
493	96846.1133004
494	96846.1133004
495	96846.1133004
496	96846.1133004
497	96846.1133004
498	96846.1133004
499	96846.1133004

 best individual:
[-5.153584247923421, -1.7193972972829645, 7.84660666410402, -1.011334792249891, 0.6419967512954984, 7.296396562148677, 1.3887544357599846, -2.353764141694486, 5.3796662737120515, -0.4803245183929764, -0.5266797022604162, 2.4336045381551608, -0.7587147260545495, 1.1741365080454624, -5.084174400833152, -6.854048431192397, -0.6177593360348579, 0.0712444552404535, -0.7326619263726469, -7.2578657130164554, -0.01479357797965783, 1.6507502412700297, 2.402747149310268, -2.917745173241694, 2.2265987023801936, 9.295202186384694, -3.45458355675314, 1.138577987434893, 2.2623583120656, 4.7633153520100135, 8.12130970596726, 0.39921769517624467, 3.791481620071784, 4.306411910322863, -4.570669532338414, 9.397012442883723, 2.7222538673592394, -0.9945083565956324, 4.749180360528187, -5.51376809459766, 4.498806767551001, -0.39788207717403, -3.4450411833316066, -2.5271829193974784, 2.024780143644109, 1.2854729297377459, 4.462010818301771, 3.260482012493223, -4.033304998808745, 3.7279498025026743]

correct: 517
percent: 81.5457413249
86 predictions were within one minute
13.5646687697 percent of predictions were within one minute
mean response prediction error: -0.109069192389
response prediction error st dev: 5.49034846902
