10 pop, 1000 gen
# config file
# configuration for neural network
nnet = dict(
    n_inputs = 4,
    n_h_neurons = 4,
    n_h_layers = 2,
    n_outputs = 2
)

# configuration for genetic algorithm
ga = dict(
    prob_xover  = 0.2,
    prob_mut    = 0.2,
    mut_ind     = 0.1
)

gen 	best fitness
0	169571.623934
1	169571.623934
2	134168.710987
3	134168.710987
4	132509.871158
5	132509.871158
6	132509.871158
7	132509.871158
8	126197.499019
9	126197.499019
10	126197.499019
11	126197.499019
12	126197.499019
13	119337.166927
14	119337.166927
15	119337.166927
16	119047.913398
17	119047.913398
18	119047.913398
19	119047.913398
20	119047.913398
21	119047.913398
22	118028.850939
23	116453.259562
24	116453.259562
25	116453.259562
26	116068.765818
27	116068.765818
28	115669.928066
29	115356.615164
30	115356.615164
31	115102.860401
32	115102.860401
33	115102.860401
34	115102.860401
35	115102.860401
36	115102.860401
37	115102.860401
38	115102.860401
39	115102.860401
40	115102.860401
41	115102.860401
42	114743.192848
43	114743.192848
44	114743.192848
45	107183.663794
46	104558.213622
47	104558.213622
48	104558.213622
49	104558.213622
50	104558.213622
51	104558.213622
52	104558.213622
53	104558.213622
54	104558.213622
55	104558.213622
56	104050.873933
57	104050.873933
58	104050.873933
59	104050.873933
60	104050.873933
61	103853.084173
62	103853.084173
63	103853.084173
64	103852.725986
65	103852.725986
66	103852.725986
67	103852.725986
68	103852.725986
69	102513.306934
70	102513.306934
71	102513.306934
72	102377.041377
73	102377.041377
74	102377.041377
75	102289.965503
76	102289.965503
77	102148.17175
78	101618.168415
79	101532.159225
80	101532.159225
81	101532.159225
82	101194.757788
83	101194.757788
84	101194.757788
85	101194.757788
86	101194.757788
87	101194.757788
88	101194.757788
89	101194.757788
90	101194.757788
91	100934.680732
92	100934.680732
93	100934.680732
94	100934.680732
95	100934.680732
96	100934.680732
97	100934.680732
98	100934.680732
99	100934.680732
100	100934.680732
101	100934.680732
102	100934.680732
103	100934.680732
104	100934.680732
105	100934.680732
106	100850.89218
107	100850.89218
108	100732.933934
109	100732.933934
110	100732.933934
111	100732.933934
112	100732.933934
113	100732.933934
114	100732.933934
115	100732.933934
116	100732.933934
117	100718.353234
118	100718.353234
119	100633.121207
120	100633.121207
121	100633.121207
122	100633.121207
123	100633.121207
124	100633.121207
125	100606.381949
126	100606.381949
127	100606.381949
128	100606.381949
129	100606.381949
130	100606.381949
131	100606.381949
132	100606.381949
133	100606.381949
134	100606.381949
135	100606.381949
136	100606.381949
137	100606.381949
138	100538.501127
139	100538.501127
140	100442.489654
141	100442.489654
142	100442.489654
143	100442.489654
144	100442.489654
145	100442.489654
146	100442.489654
147	100442.489654
148	100442.489654
149	100442.489654
150	100442.489654
151	100442.489654
152	100442.489654
153	100361.287775
154	100361.287775
155	100361.287775
156	100361.287775
157	100290.259414
158	100290.259414
159	100290.259414
160	100290.259414
161	100290.259414
162	100290.259414
163	100290.259414
164	100290.259414
165	100290.259414
166	100290.259414
167	100244.232011
168	100244.232011
169	100244.232011
170	100244.232011
171	100244.232011
172	100244.232011
173	100244.232011
174	100244.232011
175	100244.232011
176	100244.232011
177	100223.940586
178	100212.220979
179	100212.220979
180	100212.220979
181	100212.220979
182	100212.220979
183	100212.220979
184	100212.220979
185	100212.220979
186	100212.220979
187	100212.220979
188	100212.220979
189	100212.220979
190	100212.220979
191	100212.220979
192	100212.220979
193	100212.220979
194	100212.220979
195	100212.220979
196	100000.518178
197	100000.518178
198	100000.518178
199	100000.518178
200	100000.518178
201	100000.518178
202	99958.0921535
203	99958.0921535
204	99958.0921535
205	99958.0921535
206	99958.0921535
207	99958.0921535
208	99958.0921535
209	99958.0921535
210	99958.0921535
211	99958.0921535
212	99958.0921535
213	99958.0921535
214	99958.0921535
215	99958.0921535
216	99958.0921535
217	99958.0921535
218	99958.0921535
219	99958.0921535
220	99958.0921535
221	99958.0921535
222	99958.0921535
223	99958.0921535
224	99958.0921535
225	99958.0921535
226	99958.0921535
227	99958.0921535
228	99957.3718994
229	99957.3718994
230	99957.3718994
231	99957.3718994
232	99957.3718994
233	99957.3718994
234	99957.3718994
235	99957.3718994
236	99957.3718994
237	99957.3718994
238	99957.3718994
239	99957.3718994
240	99886.9603114
241	99886.9603114
242	99886.9603114
243	99885.8742727
244	99885.8742727
245	99885.8742727
246	99885.8742727
247	99885.8742727
248	99885.8742727
249	99885.8742727
250	99885.8742727
251	99885.8742727
252	99885.8742727
253	99885.8742727
254	99885.8742727
255	99804.4929579
256	99804.4929579
257	99804.4929579
258	99804.4929579
259	99768.9004736
260	99768.9004736
261	99768.9004736
262	99768.9004736
263	99768.9004736
264	99768.9004736
265	99768.9004736
266	99768.9004736
267	99768.9004736
268	99768.9004736
269	99768.9004736
270	99768.9004736
271	99768.9004736
272	99768.9004736
273	99768.9004736
274	99768.9004736
275	99768.9004736
276	99768.9004736
277	99768.9004736
278	99768.9004736
279	99700.8030717
280	99700.8030717
281	99700.0685745
282	99700.0685745
283	99674.8429405
284	99674.8429405
285	99674.8429405
286	99674.8429405
287	99674.8429405
288	99674.4432937
289	99674.4432937
290	99674.4432937
291	99674.4432937
292	99674.4432937
293	99674.4432937
294	99674.4432937
295	99666.4089906
296	99652.0005741
297	99652.0005741
298	99652.0005741
299	99652.0005741
300	99652.0005741
301	99652.0005741
302	99652.0005741
303	99652.0005741
304	99652.0005741
305	99652.0005741
306	99652.0005741
307	99652.0005741
308	99652.0005741
309	99652.0005741
310	99652.0005741
311	99652.0005741
312	99652.0005741
313	99652.0005741
314	99652.0005741
315	99652.0005741
316	99652.0005741
317	99652.0005741
318	99652.0005741
319	99652.0005741
320	99652.0005741
321	99652.0005741
322	99652.0005741
323	99652.0005741
324	99652.0005741
325	99652.0005741
326	99652.0005741
327	99652.0005741
328	99652.0005741
329	99652.0005741
330	99652.0005741
331	99652.0005741
332	99652.0005741
333	99652.0005741
334	99652.0005741
335	99652.0005741
336	99652.0005741
337	99652.0005741
338	99652.0005741
339	99652.0005741
340	99652.0005741
341	99652.0005741
342	99652.0005741
343	99641.9145489
344	99641.9145489
345	99641.9145489
346	99641.9145489
347	99641.9145489
348	99641.9145489
349	99641.9145489
350	99641.9145489
351	99641.9145489
352	99641.9145489
353	99641.9145489
354	99641.9145489
355	99641.9145489
356	99641.9145489
357	99641.9145489
358	99641.9145489
359	99641.9145489
360	99641.9145489
361	99641.9145489
362	99641.9145489
363	99641.9145489
364	99641.9145489
365	99641.9145489
366	99641.9145489
367	99641.9145489
368	99641.9145489
369	99641.9145489
370	99641.9145489
371	99641.9145489
372	99641.9145489
373	99641.9145489
374	99641.9145489
375	99641.9145489
376	99641.9145489
377	99641.9145489
378	99641.9145489
379	99641.9145489
380	99641.9145489
381	99641.9145489
382	99641.9145489
383	99641.9145489
384	99641.9145489
385	99641.9145489
386	99641.9145489
387	99641.9145489
388	99641.9145489
389	99641.9145489
390	99641.9145489
391	99641.9145489
392	99641.9145489
393	99641.9145489
394	99641.9145489
395	99641.9145489
396	99641.9145489
397	99641.9145489
398	99641.9145489
399	99641.9145489
400	99641.9145489
401	99641.9145489
402	99641.9145489
403	99641.9145489
404	99641.9145489
405	99641.9145489
406	99641.9145489
407	99641.9145489
408	99641.9145489
409	99641.9145489
410	99641.9145489
411	99641.9145489
412	99641.9145489
413	99641.9145489
414	99641.9145489
415	99641.9145489
416	99641.9145489
417	99620.7589851
418	99620.7589851
419	99620.7589851
420	99620.7589851
421	99620.7589851
422	99620.7589851
423	99620.7589851
424	99620.7589851
425	99584.4881491
426	99555.8157439
427	99555.8157439
428	99555.8157439
429	99555.8157439
430	99555.8157439
431	99555.8157439
432	99555.8157439
433	99555.8157439
434	99555.8157439
435	99555.8157439
436	99555.8157439
437	99555.8157439
438	99555.8157439
439	99555.8157439
440	99555.8157439
441	99555.8157439
442	99555.8157439
443	99555.8157439
444	99555.8157439
445	99555.8157439
446	99555.8157439
447	99555.8157439
448	99555.8157439
449	99555.8157439
450	99555.8157439
451	99555.8157439
452	99555.8157439
453	99555.8157439
454	99555.8157439
455	99555.8157439
456	99555.8157439
457	99555.8157439
458	99555.8157439
459	99555.8157439
460	99555.8157439
461	99555.8157439
462	99555.8157439
463	99555.8157439
464	99555.8157439
465	99555.8157439
466	99555.8157439
467	99555.8157439
468	99555.8157439
469	99555.8157439
470	99555.8157439
471	99555.8157439
472	99555.8157439
473	99555.8157439
474	99555.8157439
475	99555.8157439
476	99555.8157439
477	99555.8157439
478	99520.6959261
479	99520.6959261
480	99520.6959261
481	99520.6959261
482	99520.6959261
483	99520.6959261
484	99520.6959261
485	99520.6959261
486	99520.6959261
487	99520.6959261
488	99520.6959261
489	99520.6959261
490	99520.6959261
491	99520.6959261
492	99520.6959261
493	99520.6959261
494	99520.6959261
495	99520.6959261
496	99520.6959261
497	99520.6959261
498	99520.6959261
499	99520.6959261
500	99520.6959261
501	99520.6959261
502	99459.1191042
503	99459.1191042
504	99459.1191042
505	99459.1191042
506	99459.1191042
507	99459.1191042
508	99459.1191042
509	99459.1191042
510	99457.9814777
511	99457.9814777
512	99437.513031
513	99437.513031
514	99437.513031
515	99433.5288419
516	99433.5288419
517	99424.895143
518	99424.895143
519	99424.895143
520	99424.895143
521	99424.895143
522	99424.895143
523	99424.895143
524	99424.895143
525	99424.895143
526	99424.895143
527	99424.895143
528	99424.895143
529	99424.895143
530	99424.895143
531	99424.895143
532	99424.895143
533	99424.895143
534	99424.895143
535	99424.895143
536	99424.895143
537	99424.895143
538	99424.895143
539	99424.895143
540	99424.895143
541	99424.895143
542	99424.895143
543	99424.895143
544	99424.895143
545	99424.895143
546	99424.895143
547	99424.895143
548	99424.895143
549	99424.895143
550	99424.895143
551	99424.895143
552	99424.895143
553	99424.895143
554	99424.895143
555	99424.895143
556	99424.895143
557	99424.895143
558	99424.895143
559	99424.895143
560	99424.895143
561	99424.895143
562	99424.895143
563	99424.895143
564	99424.895143
565	99424.895143
566	99424.895143
567	99424.895143
568	99420.5073234
569	99420.5073234
570	99420.5073234
571	99420.5073234
572	99420.5073234
573	99420.5073234
574	99420.5073234
575	99409.4009397
576	99409.4009397
577	99409.4009397
578	99409.4009397
579	99409.4009397
580	99409.4009397
581	99409.4009397
582	99409.4009397
583	99409.4009397
584	99409.4009397
585	99409.4009397
586	99409.4009397
587	99409.4009397
588	99409.4009397
589	99409.4009397
590	99409.4009397
591	99409.4009397
592	99409.4009397
593	99409.4009397
594	99409.4009397
595	99409.4009397
596	99409.4009397
597	99409.4009397
598	99409.4009397
599	99409.4009397
600	99409.4009397
601	99409.4009397
602	99409.4009397
603	99409.4009397
604	99409.4009397
605	99409.4009397
606	99409.4009397
607	99409.4009397
608	99409.4009397
609	99409.4009397
610	99409.4009397
611	99293.4696622
612	99293.4696622
613	99293.4696622
614	99293.4696622
615	99293.4696622
616	99293.4696622
617	99293.4696622
618	99293.4696622
619	99293.4696622
620	99293.4696622
621	99293.4696622
622	99293.4696622
623	99293.4696622
624	99293.4696622
625	99293.4696622
626	99293.4696622
627	99293.4696622
628	99293.4696622
629	99293.4696622
630	99293.4696622
631	99293.4696622
632	99293.4696622
633	99293.4696622
634	99293.4696622
635	99293.4696622
636	99293.4696622
637	99293.4696622
638	99293.4696622
639	99293.4696622
640	99293.4696622
641	99293.4696622
642	99293.4696622
643	99289.6581217
644	99289.6581217
645	99289.6581217
646	99289.6581217
647	99289.6581217
648	99289.6581217
649	99289.6581217
650	99289.6581217
651	99289.6581217
652	99289.6581217
653	99289.6581217
654	99289.6581217
655	99289.6581217
656	99289.6581217
657	99289.6581217
658	99289.6581217
659	99288.8760612
660	99288.8760612
661	99281.5477821
662	99281.5477821
663	99281.5477821
664	99281.5477821
665	99281.5477821
666	99281.5477821
667	99281.5477821
668	99281.5477821
669	99281.5477821
670	99281.5477821
671	99281.3831285
672	99281.3831285
673	99281.197259
674	99281.197259
675	99281.197259
676	99281.197259
677	99281.197259
678	99281.197259
679	99281.197259
680	99281.197259
681	99281.197259
682	99281.197259
683	99281.197259
684	99281.197259
685	99281.197259
686	99281.197259
687	99278.6756966
688	99278.6756966
689	99278.6756966
690	99227.5932824
691	99227.5932824
692	99227.5932824
693	99227.5932824
694	99227.5932824
695	99227.5932824
696	99227.5932824
697	99227.5932824
698	99227.5932824
699	99227.5932824
700	99227.5932824
701	99227.5932824
702	99227.5932824
703	99227.5932824
704	99227.5932824
705	99227.5932824
706	99227.5932824
707	99227.5932824
708	99227.5932824
709	99227.5932824
710	99227.5932824
711	99227.5932824
712	99227.5932824
713	99227.5932824
714	99227.5932824
715	99227.5932824
716	99227.5932824
717	99227.5932824
718	99227.5932824
719	99227.5932824
720	99227.5932824
721	99227.5932824
722	99227.5932824
723	99227.5932824
724	99227.5932824
725	99227.5932824
726	99227.5932824
727	99227.5932824
728	99227.5932824
729	99227.5932824
730	99227.5932824
731	99227.5932824
732	99227.5932824
733	99227.5932824
734	99227.5932824
735	99227.5932824
736	99227.5932824
737	99227.5932824
738	99227.5932824
739	99227.5932824
740	99227.5932824
741	99227.5932824
742	99226.0089509
743	99226.0089509
744	99226.0089509
745	99226.0089509
746	99226.0089509
747	99226.0089509
748	99226.0089509
749	99226.0089509
750	99226.0089509
751	99226.0089509
752	99043.6666586
753	99043.6666586
754	99043.6666586
755	99043.6666586
756	99000.3571836
757	99000.3571836
758	99000.3571836
759	99000.3571836
760	99000.3571836
761	99000.3571836
762	99000.3571836
763	99000.3571836
764	99000.3571836
765	98999.830138
766	98999.830138
767	98999.830138
768	98999.830138
769	98999.830138
770	98999.830138
771	98999.830138
772	98999.830138
773	98999.830138
774	98999.830138
775	98999.830138
776	98999.830138
777	98999.830138
778	98999.830138
779	98999.830138
780	98999.830138
781	98922.5715508
782	98922.5715508
783	98922.5715508
784	98922.5715508
785	98922.5715508
786	98922.5715508
787	98922.5715508
788	98922.5715508
789	98922.5715508
790	98922.5715508
791	98922.5715508
792	98922.5715508
793	98841.6504057
794	98841.6504057
795	98841.6504057
796	98841.6504057
797	98841.6504057
798	98841.6504057
799	98841.6504057
800	98841.6504057
801	98841.6504057
802	98841.6504057
803	98841.6504057
804	98841.6504057
805	98841.6504057
806	98841.6504057
807	98841.6504057
808	98841.6504057
809	98841.6504057
810	98841.6504057
811	98820.7616837
812	98820.7616837
813	98820.7616837
814	98820.7616837
815	98820.7616837
816	98820.7616837
817	98820.7616837
818	98807.3862781
819	98807.3862781
820	98807.3862781
821	98807.3862781
822	98753.8398181
823	98753.8398181
824	98753.8398181
825	98753.8398181
826	98744.8950335
827	98744.8950335
828	98744.8950335
829	98744.8950335
830	98744.8950335
831	98744.8950335
832	98744.8950335
833	98744.8950335
834	98744.8950335
835	98744.8950335
836	98744.8950335
837	98744.8950335
838	98744.8950335
839	98744.8950335
840	98744.8950335
841	98744.8950335
842	98744.8950335
843	98744.8950335
844	98744.8950335
845	98744.8950335
846	98698.3696802
847	98698.3696802
848	98698.3696802
849	98698.3696802
850	98698.3696802
851	98698.3696802
852	98698.3696802
853	98698.3696802
854	98698.3696802
855	98698.3696802
856	98698.3696802
857	98698.3696802
858	98668.1252247
859	98668.1252247
860	98668.1252247
861	98668.1252247
862	98668.1252247
863	98668.1252247
864	98668.1252247
865	98668.1252247
866	98668.1252247
867	98668.1252247
868	98668.1252247
869	98668.1252247
870	98668.1252247
871	98668.1252247
872	98668.1252247
873	98668.1252247
874	98668.1252247
875	98668.1252247
876	98668.1252247
877	98668.1252247
878	98668.1252247
879	98668.1252247
880	98668.1252247
881	98668.1252247
882	98668.1252247
883	98668.1252247
884	98668.1252247
885	98668.1252247
886	98668.1252247
887	98668.1252247
888	98668.1252247
889	98598.8169345
890	98598.8169345
891	98598.8169345
892	98598.8169345
893	98598.8169345
894	98598.8169345
895	98598.8169345
896	98598.8169345
897	98598.8169345
898	98598.8169345
899	98598.8169345
900	98598.8169345
901	98598.8169345
902	98598.8169345
903	98598.8169345
904	98598.8169345
905	98598.7859039
906	98598.7859039
907	98598.7859039
908	98598.7859039
909	98598.7859039
910	98598.7859039
911	98598.7859039
912	98598.7859039
913	98598.7859039
914	98598.7859039
915	98598.7859039
916	98598.7859039
917	98598.7859039
918	98598.7859039
919	98598.7859039
920	98598.7859039
921	98596.1741082
922	98596.1741082
923	98596.1741082
924	98596.1741082
925	98596.1741082
926	98579.888594
927	98579.888594
928	98579.888594
929	98579.888594
930	98579.888594
931	98579.888594
932	98579.888594
933	98579.888594
934	98579.888594
935	98579.888594
936	98579.888594
937	98579.888594
938	98579.888594
939	98579.888594
940	98579.888594
941	98579.888594
942	98579.888594
943	98579.888594
944	98579.888594
945	98579.888594
946	98579.888594
947	98579.888594
948	98579.888594
949	98579.888594
950	98579.888594
951	98579.888594
952	98579.888594
953	98579.888594
954	98579.888594
955	98579.888594
956	98579.888594
957	98579.888594
958	98579.888594
959	98579.888594
960	98579.888594
961	98579.888594
962	98579.888594
963	98579.888594
964	98579.888594
965	98579.888594
966	98579.888594
967	98579.888594
968	98579.888594
969	98579.888594
970	98579.888594
971	98579.888594
972	98579.888594
973	98579.888594
974	98579.888594
975	98579.888594
976	98579.888594
977	98579.888594
978	98579.888594
979	98579.888594
980	98579.888594
981	98579.888594
982	98579.888594
983	98579.888594
984	98579.6683856
985	98579.6683856
986	98579.6683856
987	98579.6683856
988	98579.6683856
989	98579.6683856
990	98579.6683856
991	98579.6683856
992	98579.6683856
993	98579.6683856
994	98579.6683856
995	98579.6683856
996	98579.6683856
997	98579.6683856
998	98579.6683856
999	98562.1741282

 best individual:
[2.45863492764238, -1.8150411662998276, 1.5209192552108692, -4.2243960638613425, 4.860347948318544, 2.5124207249972708, 6.990276167770239, -2.678943244823761, 3.798632417568982, -5.276206271447935, -0.2471852001864524, -0.574866437049979, 0.6317551704662766, -2.587478004043389, 6.29144883443618, -1.4768491990495582, -0.8263977199567956, 1.3812436461954078, -4.791456063133256, 0.2607313462091564, -5.590411791712952, -4.3764404141879245, -3.2738806199008907, 2.1652220284386376, -5.319812083918341, -0.6669338219428055, 2.9063705329458376, 1.8690912347958037, 0.006764291798947442, 2.621842955914812, 1.3765477011396823, -0.233731117451353, -0.8621995605751711, 1.166044172214077, 1.7218995526237473, 3.177966318153877, -2.4524391454031136, -2.630957272571706, 4.490715151003693, 1.757346742564913, 1.1048047850793083, 8.493484595916948, -1.9685472093765801, 1.533184603084796, -0.3040686853974962, 4.554448176381541, 1.443772617494614, -2.2231151696215044, 2.5455920500978633, 3.45633042924521]

correct: 505
percent: 79.6529968454
83 predictions were within one minute
13.0914826498 percent of predictions were within one minute
mean response prediction error: -0.349693028271
response prediction error st dev: 5.51272765842
